Metric,Value
Arm 0,2
Arm 1,2
Arm 2,22
Arm 3,4
Total score,432
Expected score,472.0
